X XErrorLow XErrorHigh Y, YErrorLow YErrorHigh 
1.335000e-01  0.000000e+00 0.000000e+00  2.030000e+02  7.211103e+00 7.211103e+00 
1.495000e-01  0.000000e+00 0.000000e+00  2.200000e+02  7.211103e+00 7.211103e+00 
1.675000e-01  0.000000e+00 0.000000e+00  2.270000e+02  7.211103e+00 7.211103e+00 
1.875000e-01  0.000000e+00 0.000000e+00  2.330000e+02  7.211103e+00 7.211103e+00 
2.100000e-01  0.000000e+00 0.000000e+00  2.380000e+02  6.403124e+00 6.403124e+00 
2.355000e-01  0.000000e+00 0.000000e+00  2.420000e+02  6.403124e+00 6.403124e+00 
2.640000e-01  0.000000e+00 0.000000e+00  2.390000e+02  6.403124e+00 6.403124e+00 
2.955000e-01  0.000000e+00 0.000000e+00  2.370000e+02  5.656854e+00 5.656854e+00 
3.310000e-01  0.000000e+00 0.000000e+00  2.290000e+02  5.656854e+00 5.656854e+00 
3.710000e-01  0.000000e+00 0.000000e+00  2.220000e+02  5.656854e+00 5.656854e+00 
4.155000e-01  0.000000e+00 0.000000e+00  2.110000e+02  5.000000e+00 5.000000e+00 
4.655000e-01  0.000000e+00 0.000000e+00  1.930000e+02  4.242641e+00 4.242641e+00 
5.215000e-01  0.000000e+00 0.000000e+00  1.840000e+02  4.242641e+00 4.242641e+00 
5.845000e-01  0.000000e+00 0.000000e+00  1.720000e+02  3.605551e+00 3.605551e+00 
6.550000e-01  0.000000e+00 0.000000e+00  1.590000e+02  3.605551e+00 3.605551e+00 
7.340000e-01  0.000000e+00 0.000000e+00  1.440000e+02  3.605551e+00 3.605551e+00 
8.230000e-01  0.000000e+00 0.000000e+00  1.292000e+02  3.047950e+00 3.047950e+00 
