X XErrorLow XErrorHigh Y YErrorLow YErrorHigh 
8.850000e-02  0.000000e+00 0.000000e+00  9.930550e+02  1.076589e+02 9.283045e+01 
1.000000e-01  0.000000e+00 0.000000e+00  1.058050e+03  1.094906e+02 9.675943e+01 
1.050000e-01  0.000000e+00 0.000000e+00  1.132220e+03  1.126551e+02 1.014114e+02 
1.150000e-01  0.000000e+00 0.000000e+00  1.218790e+03  1.172223e+02 1.076907e+02 
1.250000e-01  0.000000e+00 0.000000e+00  1.269050e+03  1.177302e+02 1.103189e+02 
1.400000e-01  0.000000e+00 0.000000e+00  1.279450e+03  1.157798e+02 1.097759e+02 
1.550000e-01  0.000000e+00 0.000000e+00  1.336340e+03  1.183133e+02 1.131701e+02 
1.650000e-01  0.000000e+00 0.000000e+00  1.434000e+03  1.242103e+02 1.198537e+02 
1.800000e-01  0.000000e+00 0.000000e+00  1.493250e+03  1.266522e+02 1.232547e+02 
2.000000e-01  0.000000e+00 0.000000e+00  1.510900e+03  1.255974e+02 1.232087e+02 
2.150000e-01  0.000000e+00 0.000000e+00  1.542490e+03  1.262160e+02 1.243368e+02 
2.300000e-01  0.000000e+00 0.000000e+00  1.608980e+03  1.296640e+02 1.282249e+02 
2.500000e-01  0.000000e+00 0.000000e+00  1.686060e+03  1.339038e+02 1.328844e+02 
2.750000e-01  0.000000e+00 0.000000e+00  1.732840e+03  1.358301e+02 1.350207e+02 
3.000000e-01  0.000000e+00 0.000000e+00  1.716540e+03  1.329387e+02 1.323463e+02 
3.250000e-01  0.000000e+00 0.000000e+00  1.710790e+03  1.308945e+02 1.304914e+02 
3.500000e-01  0.000000e+00 0.000000e+00  1.699380e+03  1.285489e+02 1.282569e+02 
3.750000e-01  0.000000e+00 0.000000e+00  1.698290e+03  1.270033e+02 1.268056e+02 
4.100000e-01  0.000000e+00 0.000000e+00  1.681830e+03  1.243461e+02 1.242288e+02 
4.450000e-01  0.000000e+00 0.000000e+00  1.675650e+03  1.225500e+02 1.224625e+02 
4.800000e-01  0.000000e+00 0.000000e+00  1.648740e+03  1.192865e+02 1.192248e+02 
5.200000e-01  0.000000e+00 0.000000e+00  1.583710e+03  1.133637e+02 1.133249e+02 
5.600000e-01  0.000000e+00 0.000000e+00  1.567630e+03  1.110166e+02 1.109857e+02 
6.000000e-01  0.000000e+00 0.000000e+00  1.500330e+03  1.051496e+02 1.051277e+02 
6.450000e-01  0.000000e+00 0.000000e+00  1.439270e+03  9.980631e+01 9.979079e+01 
6.950000e-01  0.000000e+00 0.000000e+00  1.398110e+03  9.592700e+01 9.591417e+01 
7.450000e-01  0.000000e+00 0.000000e+00  1.336260e+03  9.072186e+01 9.071161e+01 
8.000000e-01  0.000000e+00 0.000000e+00  1.280690e+03  8.603601e+01 8.602805e+01 
8.600000e-01  0.000000e+00 0.000000e+00  1.199090e+03  7.971717e+01 7.971180e+01 
9.250000e-01  0.000000e+00 0.000000e+00  1.144030e+03  7.526078e+01 7.525739e+01 
9.900000e-01  0.000000e+00 0.000000e+00  1.076600e+03  7.008892e+01 7.008713e+01 
1.055000e+00  0.000000e+00 0.000000e+00  1.014720e+03  6.537603e+01 6.537523e+01 
1.130000e+00  0.000000e+00 0.000000e+00  9.448120e+02  6.024809e+01 6.024789e+01 
1.210000e+00  0.000000e+00 0.000000e+00  8.977830e+02  5.665979e+01 5.665979e+01 
1.295000e+00  0.000000e+00 0.000000e+00  8.326360e+02  5.201551e+01 5.201551e+01 
1.380000e+00  0.000000e+00 0.000000e+00  7.666340e+02  4.741146e+01 4.741146e+01 
1.470000e+00  0.000000e+00 0.000000e+00  7.145530e+02  4.374694e+01 4.374694e+01 
1.570000e+00  0.000000e+00 0.000000e+00  6.612730e+02  4.008283e+01 4.008283e+01 
1.670000e+00  0.000000e+00 0.000000e+00  6.101820e+02  3.662179e+01 3.662179e+01 
1.775000e+00  0.000000e+00 0.000000e+00  5.570460e+02  3.310848e+01 3.310848e+01 
1.890000e+00  0.000000e+00 0.000000e+00  5.064920e+02  2.981572e+01 2.981572e+01 
2.010000e+00  0.000000e+00 0.000000e+00  4.753790e+02  2.771434e+01 2.771434e+01 
2.135000e+00  0.000000e+00 0.000000e+00  4.351900e+02  2.513309e+01 2.513309e+01 
2.265000e+00  0.000000e+00 0.000000e+00  3.928090e+02  2.247762e+01 2.247762e+01 
2.405000e+00  0.000000e+00 0.000000e+00  3.630370e+02  2.058358e+01 2.058358e+01 
2.550000e+00  0.000000e+00 0.000000e+00  3.336560e+02  1.874784e+01 1.874784e+01 
2.700000e+00  0.000000e+00 0.000000e+00  3.014990e+02  1.679350e+01 1.679350e+01 
2.860000e+00  0.000000e+00 0.000000e+00  2.740750e+02  1.513520e+01 1.513520e+01 
3.030000e+00  0.000000e+00 0.000000e+00  2.473060e+02  1.354327e+01 1.354327e+01 
3.210000e+00  0.000000e+00 0.000000e+00  2.270010e+02  1.234477e+01 1.234477e+01 
3.395000e+00  0.000000e+00 0.000000e+00  2.041170e+02  1.105825e+01 1.105825e+01 
3.590000e+00  0.000000e+00 0.000000e+00  1.852050e+02  9.995248e+00 9.995248e+00 
3.905000e+00  0.000000e+00 0.000000e+00  1.582590e+02  8.452108e+00 8.452108e+00 
4.355000e+00  0.000000e+00 0.000000e+00  1.292830e+02  6.852505e+00 6.852505e+00 
4.850000e+00  0.000000e+00 0.000000e+00  1.044210e+02  5.494884e+00 5.494884e+00 
5.395000e+00  0.000000e+00 0.000000e+00  8.370650e+01  4.374726e+00 4.374726e+00 
5.990000e+00  0.000000e+00 0.000000e+00  6.623160e+01  3.439274e+00 3.439274e+00 
6.645000e+00  0.000000e+00 0.000000e+00  5.246010e+01  2.707733e+00 2.707733e+00 
7.365000e+00  0.000000e+00 0.000000e+00  4.233090e+01  2.172225e+00 2.172225e+00 
8.155000e+00  0.000000e+00 0.000000e+00  3.315920e+01  1.692874e+00 1.692874e+00 
9.025000e+00  0.000000e+00 0.000000e+00  2.633530e+01  1.337992e+00 1.337992e+00 
9.980000e+00  0.000000e+00 0.000000e+00  2.063710e+01  1.049510e+00 1.049510e+00 
1.102500e+01  0.000000e+00 0.000000e+00  1.654950e+01  8.426945e-01 8.426945e-01 
1.217000e+01  0.000000e+00 0.000000e+00  1.295110e+01  6.606053e-01 6.606053e-01 
1.343000e+01  0.000000e+00 0.000000e+00  1.009580e+01  5.160008e-01 5.160008e-01 
1.481500e+01  0.000000e+00 0.000000e+00  7.887850e+00  4.040019e-01 4.040019e-01 
1.633000e+01  0.000000e+00 0.000000e+00  6.117390e+00  3.140895e-01 3.140895e-01 
1.799000e+01  0.000000e+00 0.000000e+00  4.797640e+00  2.468978e-01 2.468978e-01 
1.981000e+01  0.000000e+00 0.000000e+00  3.763790e+00  1.942487e-01 1.942487e-01 
2.180500e+01  0.000000e+00 0.000000e+00  2.927180e+00  1.517097e-01 1.517097e-01 
2.400000e+01  0.000000e+00 0.000000e+00  2.209280e+00  1.152549e-01 1.152549e-01 
2.640500e+01  0.000000e+00 0.000000e+00  1.713910e+00  9.001261e-02 9.001261e-02 
2.904000e+01  0.000000e+00 0.000000e+00  1.331680e+00  7.046730e-02 7.046730e-02 
3.193000e+01  0.000000e+00 0.000000e+00  1.041450e+00  5.557634e-02 5.557634e-02 
3.509500e+01  0.000000e+00 0.000000e+00  8.032390e-01  4.332107e-02 4.332107e-02 
3.857000e+01  0.000000e+00 0.000000e+00  6.432610e-01  3.502244e-02 3.502244e-02 
4.238000e+01  0.000000e+00 0.000000e+00  4.909830e-01  2.712493e-02 2.712493e-02 
4.655500e+01  0.000000e+00 0.000000e+00  3.368890e-01  1.914697e-02 1.914697e-02 
